2022,3,11110515,청운효자동,12993,8724,4269,1785,1534,1609,2124,2041,3900,1362,1014,1017,1414,1432,2485,423,520,592,710,609,1415,6203,0,6203,2568432
2022,3,11110530,사직동,10116,6617,3499,1174,1111,1492,1480,1623,3236,856,706,865,958,1127,2105,318,405,627,522,496,1131,5461,0,5461,1158536
2022,3,11110540,삼청동,2665,1761,904,256,270,288,367,387,1097,186,172,193,257,263,690,70,98,95,110,124,407,1467,0,1467,1479255
2022,3,11110550,부암동,10367,7050,3317,1273,1197,1241,1519,1795,3342,975,798,795,1014,1239,2229,298,399,446,505,556,1113,5031,0,5031,2274739
2022,3,11110560,평창동,19457,13800,5657,2556,2341,2234,2682,3333,6311,1968,1685,1557,1878,2450,4262,588,656,677,804,883,2049,8791,0,8791,8947328
2022,3,11110570,무악동,8717,6462,2255,1516,924,867,1355,1499,2556,1171,716,655,1017,1144,1759,345,208,212,338,355,797,3528,0,3528,369520
2022,3,11110580,교남동,10616,7122,3494,1548,1137,1565,1802,1705,2859,1158,729,980,1240,1195,1820,390,408,585,562,510,1039,5011,0,5011,346926
2022,3,11110600,가회동,4504,2900,1604,471,464,518,707,741,1603,350,302,315,478,475,980,121,162,203,229,266,623,2392,0,2392,539955
2022,3,11110615,종로1·2·3·4가동,8004,5503,2501,357,868,975,937,1315,3552,265,465,643,645,1044,2441,92,403,332,292,271,1111,6060,0,6060,2417171
2022,3,11110630,종로5·6가동,5644,3701,1943,263,1048,827,551,936,2019,186,554,522,382,695,1362,77,494,305,169,241,657,3912,0,3912,603167
2022,3,11110640,이화동,7838,4795,3043,531,1444,1339,918,1134,2472,387,748,764,584,762,1550,144,696,575,334,372,922,4891,0,4891,782395
2022,3,11110650,혜화동,17366,11146,6220,1648,4285,2197,2090,2494,4652,1250,2292,1364,1477,1723,3040,398,1993,833,613,771,1612,10167,0,10167,1132421
2022,3,11110670,창신제1동,5434,3823,1611,322,555,581,573,1031,2372,233,382,406,386,769,1647,89,173,175,187,262,725,3368,0,3368,305337
2022,3,11110680,창신제2동,8764,6054,2710,562,1084,971,937,1848,3362,408,736,640,634,1377,2259,154,348,331,303,471,1103,4864,0,4864,257323
2022,3,11110690,창신제3동,6989,5004,1985,774,867,935,868,1244,2301,605,608,639,633,929,1590,169,259,296,235,315,711,3221,0,3221,216835
2022,3,11110700,숭인제1동,6312,4206,2106,544,722,808,864,1164,2210,424,450,515,573,804,1440,120,272,293,291,360,770,3439,0,3439,239396
2022,3,11110710,숭인제2동,10472,6440,4032,537,1980,1823,1180,1673,3279,368,900,1043,775,1190,2164,169,1080,780,405,483,1115,7081,0,7081,351906
2022,3,11140520,소공동,2363,1522,841,280,228,486,536,331,502,202,112,269,363,225,351,78,116,217,173,106,151,1408,0,1408,943795
2022,3,11140540,회현동,5698,3857,1841,374,471,566,661,939,2687,243,301,357,445,690,1821,131,170,209,216,249,866,3612,0,3612,897827
2022,3,11140550,명동,2818,1536,1282,172,244,352,385,488,1177,105,162,222,193,270,584,67,82,130,192,218,593,1531,0,1531,969729
2022,3,11140570,필동,4412,2865,1547,323,705,715,495,629,1545,267,387,437,319,461,994,56,318,278,176,168,551,2830,0,2830,1464686
2022,3,11140580,장충동,4829,3145,1684,375,1133,712,557,618,1434,288,640,444,387,435,951,87,493,268,170,183,483,3008,0,3008,1017925
2022,3,11140590,광희동,5784,3673,2111,274,958,990,626,809,2127,200,459,621,431,566,1396,74,499,369,195,243,731,3917,0,3917,737204
2022,3,11140605,을지로동,2119,1433,686,67,285,407,205,290,865,57,132,255,147,236,606,10,153,152,58,54,259,1714,0,1714,611524
2022,3,11140615,신당동,8191,5062,3129,487,1239,1434,1047,1342,2642,309,610,828,647,949,1719,178,629,606,400,393,923,5246,0,5246,534942
2022,3,11140625,다산동,14517,9454,5063,1148,2080,2273,1878,2302,4836,858,1219,1400,1241,1591,3145,290,861,873,637,711,1691,7708,0,7708,523971
2022,3,11140635,약수동,17999,11791,6208,1828,1882,2320,2454,2799,6716,1307,1169,1551,1618,1903,4243,521,713,769,836,896,2473,9156,0,9156,486369
2022,3,11140645,청구동,14562,9768,4794,1446,1742,2196,1868,2343,4967,1075,1137,1473,1251,1668,3164,371,605,723,617,675,1803,7251,0,7251,342571
2022,3,11140650,신당제5동,10972,7257,3715,1001,1474,1800,1527,1905,3265,754,870,1120,1043,1376,2094,247,604,680,484,529,1171,5993,0,5993,319706
2022,3,11140665,동화동,10931,7976,2955,1376,1252,1346,1467,1935,3555,1075,940,926,1077,1498,2460,301,312,420,390,437,1095,4744,0,4744,327045
2022,3,11140670,황학동,13320,8290,5030,1139,1903,2885,1936,1853,3604,845,935,1759,1198,1246,2307,294,968,1126,738,607,1297,7828,0,7828,328640
2022,3,11140680,중림동,12714,8820,3894,1660,1261,2052,2120,1958,3663,1275,815,1374,1454,1428,2474,385,446,678,666,530,1189,6310,0,6310,484384
2022,3,11170510,후암동,18477,11805,6672,1916,2282,2903,2666,2990,5720,1361,1367,1758,1715,2053,3551,555,915,1145,951,937,2169,10003,0,10003,865892
2022,3,11170520,용산2가동,10222,6479,3743,737,1281,1733,1342,1440,3689,514,761,1029,871,945,2359,223,520,704,471,495,1330,6066,0,6066,1966853
2022,3,11170530,남영동,8414,5976,2438,397,841,1064,1003,1747,3362,278,449,667,709,1383,2490,119,392,397,294,364,872,6259,0,6259,1177789
2022,3,11170555,청파동,20740,12499,8241,1500,3898,3489,2619,3178,6056,1078,1715,2108,1674,2139,3785,422,2183,1381,945,1039,2271,12374,0,12374,886225
2022,3,11170560,원효로제1동,16683,11026,5657,2062,2180,3669,2763,2301,3708,1556,1171,2260,1878,1643,2518,506,1009,1409,885,658,1190,8838,0,8838,589017
2022,3,11170570,원효로제2동,14664,10383,4281,1853,1800,2140,2142,2349,4380,1460,1240,1497,1588,1711,2887,393,560,643,554,638,1493,6906,0,6906,708975
2022,3,11170580,효창동,10690,7227,3463,1368,1417,1891,1571,1653,2790,1040,867,1217,1078,1174,1851,328,550,674,493,479,939,4978,0,4978,446197
2022,3,11170590,용문동,12448,8403,4045,1331,1616,1978,1712,2003,3808,1015,1011,1279,1177,1429,2492,316,605,699,535,574,1316,6086,0,6086,277531
2022,3,11170625,한강로동,23446,15854,7592,2327,3403,5174,3101,3582,5859,1738,2058,3191,2026,2726,4115,589,1345,1983,1075,856,1744,12791,0,12791,2869816
2022,3,11170630,이촌제1동,25489,18822,6667,4597,2569,2748,4130,4343,7102,3565,1974,2062,3101,3322,4798,1032,595,686,1029,1021,2304,10378,0,10378,2872767
2022,3,11170640,이촌제2동,8953,6096,2857,961,808,1337,1277,1369,3201,743,554,940,883,952,2024,218,254,397,394,417,1177,4332,0,4332,1205543
2022,3,11170650,이태원제1동,7386,4605,2781,461,1012,1148,915,1095,2755,301,635,726,563,744,1636,160,377,422,352,351,1119,4575,0,4575,582899
2022,3,11170660,이태원제2동,9776,5855,3921,800,1239,1703,1386,1376,3272,491,713,958,826,842,2025,309,526,745,560,534,1247,5685,0,5685,874243
2022,3,11170685,한남동,22177,14162,8015,2193,2405,3924,3427,3438,6790,1507,1532,2402,2155,2277,4289,686,873,1522,1272,1161,2501,12688,0,12688,3031897
2022,3,11170690,서빙고동,15029,11164,3865,2205,1930,1740,2483,2636,4035,1789,1476,1220,1911,2035,2733,416,454,520,572,601,1302,6610,0,6610,2821948
2022,3,11170700,보광동,14684,9056,5628,1049,1946,2181,1973,2522,5013,675,1209,1333,1183,1619,3037,374,737,848,790,903,1976,8643,0,8643,715096
2022,3,11200520,왕십리제2동,17503,12127,5376,2164,2259,2865,2598,2757,4860,1608,1454,1946,1836,2010,3273,556,805,919,762,747,1587,8411,0,8411,372425
2022,3,11200535,왕십리도선동,27634,19020,8614,3628,3848,4536,4143,4452,7027,2810,2435,2984,2845,3287,4659,818,1413,1552,1298,1165,2368,13049,0,13049,710285
2022,3,11200540,마장동,23601,16514,7087,2479,4047,3362,2881,3689,7143,1894,2496,2330,2068,2770,4956,585,1551,1032,813,919,2187,12206,0,12206,1035276
2022,3,11200550,사근동,12441,8109,4332,826,4664,1829,1123,1352,2647,628,2679,1215,819,956,1812,198,1985,614,304,396,835,8476,0,8476,1169216
2022,3,11200560,행당제1동,14548,10061,4487,1816,2092,2301,2138,2306,3895,1398,1312,1520,1489,1675,2667,418,780,781,649,631,1228,7114,0,7114,573566
2022,3,11200570,행당제2동,24626,17913,6713,3509,2782,3486,3803,4120,6926,2764,2051,2524,2817,3104,4653,745,731,962,986,1016,2273,10546,0,10546,457669
2022,3,11200580,응봉동,16207,11830,4377,2587,1711,2072,2878,2566,4393,2058,1255,1504,2111,1941,2961,529,456,568,767,625,1432,6863,0,6863,553661
2022,3,11200590,금호1가동,16096,11301,4795,2182,1621,2425,2640,2426,4802,1681,1148,1723,1847,1770,3132,501,473,702,793,656,1670,7405,0,7405,444872
2022,3,11200615,금호2·3가동,24092,16674,7418,2909,2606,3968,3789,3748,7072,2217,1769,2748,2588,2676,4676,692,837,1220,1201,1072,2396,11461,0,11461,631196
2022,3,11200620,금호4가동,14839,10248,4591,2095,1333,2367,2607,2171,4266,1619,901,1632,1843,1499,2754,476,432,735,764,672,1512,7029,0,7029,832333
2022,3,11200645,옥수동,27603,19482,8121,4037,2624,4667,4807,3985,7483,3110,1772,3289,3416,2876,5019,927,852,1378,1391,1109,2464,12325,0,12325,1922027
2022,3,11200650,성수1가제1동,17369,12292,5077,1935,2343,2953,2368,3082,4688,1480,1582,1989,1616,2342,3283,455,761,964,752,740,1405,8616,0,8616,1885875
2022,3,11200660,성수1가제2동,13376,9345,4031,1407,1852,2363,1978,2068,3708,1089,1195,1547,1345,1551,2618,318,657,816,633,517,1090,6906,0,6906,930085
2022,3,11200670,성수2가제1동,16908,11821,5087,1454,1947,2658,2189,2918,5742,1076,1245,1772,1546,2162,4020,378,702,886,643,756,1722,9275,0,9275,1184964
2022,3,11200690,성수2가제3동,11321,7969,3352,994,1717,1957,1463,1750,3440,761,1017,1281,1053,1356,2501,233,700,676,410,394,939,6117,0,6117,1054501
2022,3,11200720,송정동,11147,7834,3313,955,1552,1642,1535,1929,3534,732,980,1099,1101,1443,2479,223,572,543,434,486,1055,6239,0,6239,681916
2022,3,11200790,용답동,12436,8056,4380,854,2014,1837,1577,2144,4010,601,999,1075,1081,1534,2766,253,1015,762,496,610,1244,7915,0,7915,2377148
2022,3,11215710,화양동,24067,13228,10839,827,9392,5295,2231,2183,4139,567,4037,2925,1422,1514,2763,260,5355,2370,809,669,1376,18697,0,18697,1166008
2022,3,11215730,군자동,20595,13319,7276,1637,4063,3860,2641,2814,5580,1229,2153,2330,1807,1984,3816,408,1910,1530,834,830,1764,12326,0,12326,738025
2022,3,11215740,중곡제1동,16315,10435,5880,1335,2497,3124,2148,2527,4684,932,1284,1880,1420,1766,3153,403,1213,1244,728,761,1531,9180,0,9180,614505
2022,3,11215750,중곡제2동,22522,14684,7838,2250,3320,4059,3028,3556,6309,1687,1788,2405,2095,2473,4236,563,1532,1654,933,1083,2073,11734,0,11734,545542
2022,3,11215760,중곡제3동,17059,11240,5819,1458,2340,2786,2217,2888,5370,1052,1384,1726,1503,1991,3584,406,956,1060,714,897,1786,9409,0,9409,601866
2022,3,11215770,중곡제4동,30148,20445,9703,2877,4007,4383,3953,5290,9638,2132,2545,2763,2707,3772,6526,745,1462,1620,1246,1518,3112,14744,0,14744,2313468
2022,3,11215780,능동,11833,7126,4707,971,2021,2672,1724,1468,2977,709,954,1438,1080,957,1988,262,1067,1234,644,511,989,6926,0,6926,1092105
2022,3,11215810,광장동,35911,27986,7925,8010,4120,3389,7137,6231,7024,6375,3247,2528,5625,5063,5148,1635,873,861,1512,1168,1876,13143,0,13143,2393761
2022,3,11215820,자양제1동,23497,15045,8452,2193,3828,3934,3359,3672,6511,1637,2082,2348,2256,2527,4195,556,1746,1586,1103,1145,2316,13102,0,13102,568868
2022,3,11215830,자양제2동,25880,17971,7909,3042,3419,3811,3900,4139,7569,2267,2192,2505,2712,3010,5285,775,1227,1306,1188,1129,2284,12268,0,12268,1657523
2022,3,11215840,자양제3동,29269,21861,7408,4478,3662,4038,4484,4838,7769,3516,2661,2922,3324,3801,5637,962,1001,1116,1160,1037,2132,12274,0,12274,1196419
2022,3,11215847,자양제4동,19204,12746,6458,1414,2644,2901,2433,3078,6734,1008,1538,1867,1595,2205,4533,406,1106,1034,838,873,2201,11192,0,11192,1180023
2022,3,11215850,구의제1동,22588,13878,8710,1721,4212,4587,3109,3217,5742,1215,2139,2581,1945,2163,3835,506,2073,2006,1164,1054,1907,13189,0,13189,565313
2022,3,11215860,구의제2동,27522,19040,8482,3676,3454,3762,4214,4622,7794,2769,2250,2459,2915,3354,5293,907,1204,1303,1299,1268,2501,12630,0,12630,1388041
2022,3,11215870,구의제3동,29912,21349,8563,3928,4311,4660,4372,4955,7686,3036,2861,3094,3145,3743,5470,892,1450,1566,1227,1212,2216,13404,0,13404,1027561
2022,3,11230536,용신동,33870,21828,12042,2496,5744,5928,4364,4785,10553,1840,2937,3584,2917,3431,7119,656,2807,2344,1447,1354,3434,21164,0,21164,1618399
2022,3,11230545,제기동,26734,18148,8586,2107,4282,3349,3010,3902,10084,1587,2680,2243,2108,2843,6687,520,1602,1106,902,1059,3397,15545,0,15545,1181705
2022,3,11230560,전농제1동,31349,21512,9837,3327,4284,4178,4216,5005,10339,2503,2666,2807,2970,3644,6922,824,1618,1371,1246,1361,3417,17017,0,17017,1126695
2022,3,11230570,전농제2동,19792,14138,5654,2649,2146,2160,2890,3341,6606,2044,1534,1534,2086,2505,4435,605,612,626,804,836,2171,8871,0,8871,977568
2022,3,11230600,답십리제1동,30400,21177,9223,4403,3862,5092,5035,4328,7680,3413,2355,3419,3601,3149,5240,990,1507,1673,1434,1179,2440,14465,0,14465,788242
2022,3,11230610,답십리제2동,29622,21162,8460,3386,3290,4274,4054,4795,9823,2638,2264,2999,2948,3576,6737,748,1026,1275,1106,1219,3086,14235,0,14235,875745
2022,3,11230650,장안제1동,40415,28055,12360,4662,4963,6248,6387,6186,11969,3523,2922,4131,4488,4500,8491,1139,2041,2117,1899,1686,3478,20598,0,20598,1342168
2022,3,11230660,장안제2동,34128,24018,10110,5257,3684,4690,5887,5174,9436,3958,2318,3280,4215,3788,6459,1299,1366,1410,1672,1386,2977,15672,0,15672,996640
2022,3,11230705,청량리동,21164,14320,6844,1663,2110,2208,2360,3295,9528,1229,1424,1483,1617,2404,6163,434,686,725,743,891,3365,11864,0,11864,1204398
2022,3,11230710,회기동,10833,6608,4225,881,3191,1560,1252,1266,2683,632,1592,952,825,876,1731,249,1599,608,427,390,952,7001,0,7001,766917
2022,3,11230720,휘경제1동,14667,9532,5135,1414,3454,2301,1772,1986,3740,1072,1692,1485,1245,1464,2574,342,1762,816,527,522,1166,8364,0,8364,521796
2022,3,11230730,휘경제2동,25289,17780,7509,2817,5407,3027,3345,3704,6989,2188,3356,2053,2508,2793,4882,629,2051,974,837,911,2107,13306,0,13306,1113609
2022,3,11230740,이문제1동,19280,12614,6666,1642,4705,2356,2190,2733,5654,1255,2508,1608,1528,1934,3781,387,2197,748,662,799,1873,11675,0,11675,1039602
2022,3,11230750,이문제2동,20856,15048,5808,2647,2684,2400,2962,3393,6770,2070,1780,1724,2164,2595,4715,577,904,676,798,798,2055,9821,0,9821,723890
2022,3,11260520,면목제2동,25618,17558,8060,2447,2966,3362,3486,4809,8548,1806,1890,2190,2470,3450,5752,641,1076,1172,1016,1359,2796,13747,0,13747,763122
2022,3,11260540,면목제4동,20302,13857,6445,2065,2314,2658,2970,3429,6866,1562,1480,1792,2026,2455,4542,503,834,866,944,974,2324,10407,0,10407,843466
2022,3,11260550,면목제5동,15209,10853,4356,2129,1599,2542,2424,2443,4072,1627,1051,1804,1755,1789,2827,502,548,738,669,654,1245,6971,0,6971,704936
2022,3,11260565,면목본동,35720,23458,12262,2976,4815,5444,4864,6296,11325,2178,2804,3404,3241,4341,7490,798,2011,2040,1623,1955,3835,19770,0,19770,849019
2022,3,11260570,면목제7동,22509,15632,6877,2093,2700,3244,3069,3757,7646,1548,1735,2139,2154,2709,5347,545,965,1105,915,1048,2299,11638,0,11638,1235475
2022,3,11260575,면목제3·8동,26514,17904,8610,2195,3402,3629,3379,4699,9210,1620,2014,2342,2338,3302,6288,575,1388,1287,1041,1397,2922,14354,0,14354,1614776
2022,3,11260580,상봉제1동,25180,17944,7236,3306,3182,3613,3456,4193,7430,2567,2150,2521,2547,3153,5006,739,1032,1092,909,1040,2424,11474,0,11474,854219
2022,3,11260590,상봉제2동,21291,13181,8110,1376,3679,4887,2629,3119,5601,999,1742,2838,1696,2132,3774,377,1937,2049,933,987,1827,13217,0,13217,677445
2022,3,11260600,중화제1동,20679,14598,6081,2231,2510,3271,2755,3187,6725,1696,1644,2201,1969,2370,4718,535,866,1070,786,817,2007,10151,0,10151,641493
2022,3,11260610,중화제2동,26720,17675,9045,1961,3365,3770,3329,4804,9491,1425,1953,2361,2214,3321,6401,536,1412,1409,1115,1483,3090,15453,0,15453,1016955
2022,3,11260620,묵제1동,35729,25226,10503,4727,4596,4684,5482,5655,10585,3622,2868,3129,3970,4182,7455,1105,1728,1555,1512,1473,3130,16395,0,16395,1238436
2022,3,11260630,묵제2동,19826,13298,6528,1962,2408,2940,2815,3223,6478,1414,1439,1876,1907,2273,4389,548,969,1064,908,950,2089,10345,0,10345,669204
2022,3,11260655,망우본동,34376,23748,10628,3656,3925,4714,4558,5706,11817,2760,2470,3212,3253,4169,7884,896,1455,1502,1305,1537,3933,17914,0,17914,2948109
2022,3,11260660,망우제3동,17408,11757,5651,1590,2068,2077,2163,3241,6269,1121,1292,1354,1469,2255,4266,469,776,723,694,986,2003,9316,0,9316,962561
2022,3,11260680,신내1동,40820,29534,11286,6336,4588,4644,5944,6374,12934,4926,3237,3272,4471,4824,8804,1410,1351,1372,1473,1550,4130,17000,0,17000,2606949
2022,3,11260690,신내2동,21836,15165,6671,2667,2284,2842,3019,3510,7514,2083,1585,1966,2127,2574,4830,584,699,876,892,936,2684,10427,0,10427,911281
2022,3,11290525,성북동,17632,11517,6115,1704,2586,2615,2466,2860,5401,1226,1515,1577,1583,2002,3614,478,1071,1038,883,858,1787,9343,0,9343,2879912
2022,3,11290555,삼선동,24410,16092,8318,2585,4008,3366,3404,3922,7125,1980,2229,2066,2347,2826,4644,605,1779,1300,1057,1096,2481,13045,0,13045,926227
2022,3,11290575,동선동,16318,9007,7311,1226,4384,2752,1940,2042,3974,876,1574,1448,1211,1366,2532,350,2810,1304,729,676,1442,10365,0,10365,724957
2022,3,11290580,돈암제1동,15552,10881,4671,1809,1932,1945,1959,2725,5182,1408,1322,1327,1414,1985,3425,401,610,618,545,740,1757,7053,0,7053,488898
2022,3,11290590,돈암제2동,24989,18863,6126,4356,2861,2866,4151,4377,6378,3472,2220,2130,3179,3432,4430,884,641,736,972,945,1948,9748,0,9748,518335
2022,3,11290600,안암동,15587,9791,5796,1005,5027,2295,1572,1983,3705,725,2737,1447,1065,1405,2412,280,2290,848,507,578,1293,10055,0,10055,1379571
2022,3,11290610,보문동,16275,10972,5303,1731,2461,2616,2323,2662,4482,1336,1478,1705,1625,1914,2914,395,983,911,698,748,1568,8581,0,8581,553006
2022,3,11290620,정릉제1동,19075,13920,5155,2876,2250,2403,3101,2981,5464,2268,1572,1727,2326,2295,3732,608,678,676,775,686,1732,8348,0,8348,412365
2022,3,11290630,정릉제2동,24688,17304,7384,2971,3142,3111,3451,3989,8024,2259,2070,2112,2502,2908,5453,712,1072,999,949,1081,2571,11476,0,11476,1094890
2022,3,11290640,정릉제3동,16230,10854,5376,1281,2982,1973,1806,2413,5775,956,1879,1424,1201,1676,3718,325,1103,549,605,737,2057,9047,0,9047,3327126
2022,3,11290650,정릉제4동,26401,18760,7641,3275,3159,3029,3949,4367,8622,2594,2143,2138,2879,3184,5822,681,1016,891,1070,1183,2800,12432,0,12432,3570914
2022,3,11290660,길음제1동,36767,28054,8713,8194,3435,3837,7639,5679,7983,6721,2611,2873,6052,4415,5382,1473,824,964,1587,1264,2601,13896,0,13896,797310
2022,3,11290685,길음제2동,17508,12555,4953,2717,2000,2298,2879,2921,4693,2136,1392,1664,2060,2192,3111,581,608,634,819,729,1582,7734,0,7734,588002
2022,3,11290705,종암동,41311,29607,11704,5684,5475,5016,6217,6627,12292,4495,3738,3575,4552,5008,8239,1189,1737,1441,1665,1619,4053,19621,0,19621,1404528
2022,3,11290715,월곡제1동,27923,20463,7460,4237,2855,3440,4444,4500,8447,3366,1965,2469,3359,3384,5920,871,890,971,1085,1116,2527,12406,0,12406,801757
2022,3,11290725,월곡제2동,20622,14104,6518,2211,3332,2739,2702,3108,6530,1727,1749,1839,1948,2336,4505,484,1583,900,754,772,2025,10822,0,10822,1364901
2022,3,11290760,장위제1동,25786,17573,8213,3384,3254,3374,3748,4345,7681,2515,1989,2290,2655,3038,5086,869,1265,1084,1093,1307,2595,12219,0,12219,708546
2022,3,11290770,장위제2동,14866,10042,4824,1302,1845,1893,1807,2514,5505,935,1135,1217,1248,1782,3725,367,710,676,559,732,1780,7837,0,7837,679894
2022,3,11290780,장위제3동,16557,12124,4433,2829,1951,2397,2695,2588,4097,2196,1347,1676,2030,2014,2861,633,604,721,665,574,1236,7199,0,7199,652601
2022,3,11290810,석관동,37127,25974,11153,3740,4801,4973,4997,5994,12622,2870,2966,3439,3547,4389,8763,870,1835,1534,1450,1605,3859,18930,0,18930,1705061
2022,3,11305534,삼양동,25494,17482,8012,2780,2966,2843,3423,4388,9094,2055,1902,1910,2436,3140,6039,725,1064,933,987,1248,3055,13052,0,13052,924092
2022,3,11305535,미아동,23003,14722,8281,1763,3444,3015,2878,3757,8146,1277,1753,1811,1928,2594,5359,486,1691,1204,950,1163,2787,13188,0,13188,841204
2022,3,11305545,송중동,31411,21119,10292,3152,3924,3986,4376,5234,10739,2341,2410,2633,2949,3625,7161,811,1514,1353,1427,1609,3578,15906,0,15906,1075796
2022,3,11305555,송천동,28464,19200,9264,2294,3282,3180,3615,4985,11108,1697,2098,2022,2456,3560,7367,597,1184,1158,1159,1425,3741,15617,0,15617,929913
2022,3,11305575,삼각산동,32936,24523,8413,6318,3431,3354,6134,5545,8154,5066,2582,2539,4734,4185,5417,1252,849,815,1400,1360,2737,13143,0,13143,621911
2022,3,11305595,번1동,19648,12830,6818,1445,2924,2777,2781,3203,6518,1041,1616,1699,1874,2242,4358,404,1308,1078,907,961,2160,11554,0,11554,627036
2022,3,11305603,번2동,17154,11124,6030,1475,2081,1731,2228,2767,6872,1059,1254,1159,1478,1838,4336,416,827,572,750,929,2536,8906,0,8906,974298
2022,3,11305608,번3동,18455,12147,6308,1934,1837,1643,2394,2884,7763,1400,1198,1152,1541,1976,4880,534,639,491,853,908,2883,9081,0,9081,1081177
2022,3,11305615,수유1동,22280,14745,7535,2092,2822,2819,2876,3632,8039,1468,1634,1780,1979,2523,5361,624,1188,1039,897,1109,2678,11991,0,11991,1649963
2022,3,11305625,수유2동,22778,15268,7510,2178,2780,2587,2940,3778,8515,1569,1654,1750,1980,2617,5698,609,1126,837,960,1161,2817,11344,0,11344,581617
2022,3,11305635,수유3동,24564,15742,8822,1658,3776,3558,3157,4090,8325,1165,2024,2180,2060,2794,5519,493,1752,1378,1097,1296,2806,14479,0,14479,745645
2022,3,11305645,우이동,22261,14925,7336,2223,2444,2580,2913,3668,8433,1611,1462,1728,1994,2552,5578,612,982,852,919,1116,2855,11325,0,11325,10587753
2022,3,11305660,인수동,32660,21976,10684,3237,3670,3765,4196,5375,12417,2307,2276,2474,2862,3767,8290,930,1394,1291,1334,1608,4127,16745,0,16745,2998011
2022,3,11320511,창제1동,25965,18348,7617,3261,3115,3276,3871,4367,8075,2570,2104,2184,2840,3175,5475,691,1011,1092,1031,1192,2600,12214,0,12214,1122171
2022,3,11320512,창제2동,30709,21368,9341,3523,3921,4006,4472,5209,9578,2642,2493,2689,3181,3706,6657,881,1428,1317,1291,1503,2921,14224,0,14224,654442
2022,3,11320513,창제3동,14814,10152,4662,1602,1677,1600,2077,2553,5305,1172,1066,1042,1448,1814,3610,430,611,558,629,739,1695,7505,0,7505,655485
2022,3,11320514,창제4동,27849,20712,7137,3880,3461,3295,4174,4894,8145,3126,2590,2344,3113,3794,5745,754,871,951,1061,1100,2400,12039,0,12039,1140172
2022,3,11320515,창제5동,25939,18678,7261,3073,3404,3534,3424,4378,8126,2417,2324,2427,2480,3306,5724,656,1080,1107,944,1072,2402,11566,0,11566,701480
2022,3,11320521,도봉제1동,22968,15675,7293,1774,2372,2310,2804,3796,9912,1284,1505,1541,1937,2643,6765,490,867,769,867,1153,3147,12256,0,12256,8451468
2022,3,11320522,도봉제2동,26416,18707,7709,2685,2780,3141,3352,4070,10388,2034,1918,2122,2417,2995,7221,651,862,1019,935,1075,3167,12694,0,12694,1119031
2022,3,11320660,쌍문제1동,22589,15464,7125,2420,2828,2540,3002,3808,7991,1770,1717,1723,2100,2688,5466,650,1111,817,902,1120,2525,10706,0,10706,1175774
2022,3,11320670,쌍문제2동,20110,13284,6826,2085,2368,2493,2715,3299,7150,1532,1429,1647,1856,2216,4604,553,939,846,859,1083,2546,9956,0,9956,541193
2022,3,11320680,쌍문제3동,17658,11905,5753,1645,2270,2364,2421,2919,6039,1238,1372,1493,1666,2051,4085,407,898,871,755,868,1954,8919,0,8919,504805
2022,3,11320681,쌍문제4동,19629,14339,5290,2848,2415,2243,2745,3448,5930,2231,1748,1613,2036,2590,4121,617,667,630,709,858,1809,8097,0,8097,554868
2022,3,11320690,방학제1동,30577,21615,8962,3344,3759,3313,4084,5400,10677,2552,2472,2242,2952,3952,7445,792,1287,1071,1132,1448,3232,14832,0,14832,1040857
2022,3,11320700,방학제2동,21213,14145,7068,2052,2496,2179,2629,3875,7982,1383,1541,1429,1803,2687,5302,669,955,750,826,1188,2680,10956,0,10956,1092814
2022,3,11320710,방학제3동,28678,21433,7245,4192,3123,3079,3937,4778,9569,3366,2341,2263,3044,3696,6723,826,782,816,893,1082,2846,11583,0,11583,1951026
2022,3,11350560,월계1동,22937,16696,6241,2472,3647,2632,3233,3531,7422,1921,2558,1914,2420,2632,5251,551,1089,718,813,899,2171,11541,0,11541,1107461
2022,3,11350570,월계2동,28631,19479,9152,3347,3042,3044,4054,4641,10503,2526,2089,2059,2862,3358,6585,821,953,985,1192,1283,3918,13987,0,13987,2004785
2022,3,11350580,월계3동,31800,22213,9587,3931,3326,4373,4567,4812,10791,3026,2318,3077,3278,3497,7017,905,1008,1296,1289,1315,3774,14894,0,14894,1168283
2022,3,11350595,공릉1동,39199,26579,12620,4166,6345,5200,5471,5820,12197,3215,3764,3397,3837,4257,8109,951,2581,1803,1634,1563,4088,20504,0,20504,1263261
2022,3,11350600,공릉2동,42081,30819,11262,6743,6691,5409,6465,6451,10322,5371,4382,3993,4912,4945,7216,1372,2309,1416,1553,1506,3106,18765,0,18765,6983450
2022,3,11350611,하계1동,28321,19263,9058,3634,4362,2800,3715,5106,8704,2812,2929,1920,2616,3782,5204,822,1433,880,1099,1324,3500,13239,0,13239,1527061
2022,3,11350612,하계2동,23149,17008,6141,3819,2882,2517,3697,4057,6177,3087,2104,1808,2859,3109,4041,732,778,709,838,948,2136,9377,0,9377,500023
2022,3,11350619,중계본동,25184,19065,6119,5463,3268,1742,4490,4924,5297,4252,2503,1257,3493,3904,3656,1211,765,485,997,1020,1641,9612,0,9612,2183234
2022,3,11350621,중계1동,27829,20943,6886,6942,3166,1831,5796,5197,4897,5311,2382,1365,4483,4085,3317,1631,784,466,1313,1112,1580,9993,0,9993,623451
2022,3,11350624,중계4동,21294,14739,6555,2968,2511,1880,3148,3820,6967,2270,1731,1274,2278,2795,4391,698,780,606,870,1025,2576,9707,0,9707,1519449
2022,3,11350625,중계2·3동,37103,24114,12989,4513,4014,4113,5364,5955,13144,3378,2623,2752,3550,4180,7631,1135,1391,1361,1814,1775,5513,18171,0,18171,919083
2022,3,11350630,상계1동,42664,30681,11983,5168,5123,4956,5736,7299,14382,3983,3709,3522,4182,5456,9829,1185,1414,1434,1554,1843,4553,19100,0,19100,5402614
2022,3,11350640,상계2동,21259,15453,5806,2443,3098,2372,2815,3962,6569,1836,2186,1708,2030,3046,4647,607,912,664,785,916,1922,9911,0,9911,623126
2022,3,11350665,상계3·4동,28404,19313,9091,3063,3036,2875,3684,4807,10939,2243,2008,2023,2574,3376,7089,820,1028,852,1110,1431,3850,14218,0,14218,5211709
2022,3,11350670,상계5동,25731,17193,8538,2697,3221,2691,3303,4660,9159,1979,2082,1738,2260,3253,5881,718,1139,953,1043,1407,3278,12718,0,12718,906891
2022,3,11350695,상계6·7동,34251,23168,11083,4844,4230,4819,5248,5825,9285,3660,2776,3109,3671,4140,5812,1184,1454,1710,1577,1685,3473,15488,0,15488,1450295
2022,3,11350700,상계8동,23895,17238,6657,4010,2534,4696,4027,3286,5342,3172,1809,3312,2928,2474,3543,838,725,1384,1099,812,1799,10344,0,10344,666348
2022,3,11350710,상계9동,21432,15065,6367,2984,2604,2694,3259,3701,6190,2301,1808,1802,2357,2680,4117,683,796,892,902,1021,2073,9365,0,9365,719445
2022,3,11350720,상계10동,19473,13496,5977,2689,2496,2906,2905,3389,5088,2070,1664,1949,2035,2434,3344,619,832,957,870,955,1744,8443,0,8443,809215
2022,3,11380510,녹번동,38857,25933,12924,4283,4568,6040,5653,6047,12266,3232,2786,3911,3860,4211,7933,1051,1782,2129,1793,1836,4333,19642,0,19642,1794215
2022,3,11380520,불광제1동,41058,27869,13189,4441,4853,5424,5719,6816,13805,3465,3102,3542,4026,4826,8908,976,1751,1882,1693,1990,4897,20255,0,20255,3124927
2022,3,11380530,불광제2동,29371,19023,10348,2432,3897,4020,3607,4884,10531,1740,2265,2504,2404,3321,6789,692,1632,1516,1203,1563,3742,15814,0,15814,1396089
2022,3,11380551,갈현제1동,23155,15091,8064,2104,3214,3011,2951,3859,8016,1552,1877,1892,1974,2589,5207,552,1337,1119,977,1270,2809,12194,0,12194,961071
2022,3,11380552,갈현제2동,29792,19891,9901,3431,4121,3912,4414,4959,8955,2512,2507,2516,3027,3410,5919,919,1614,1396,1387,1549,3036,14207,0,14207,985165
2022,3,11380560,구산동,35001,24563,10438,4069,4223,4053,4939,5926,11791,2967,2714,2670,3513,4330,8369,1102,1509,1383,1426,1596,3422,16059,0,16059,1389775
2022,3,11380570,대조동,28379,17664,10715,2379,4408,4540,3839,4354,8859,1742,2240,2664,2449,2893,5676,637,2168,1876,1390,1461,3183,16033,0,16033,851692
2022,3,11380580,응암제1동,34420,23113,11307,4935,4177,5475,5698,5108,9027,3742,2487,3467,3966,3600,5851,1193,1690,2008,1732,1508,3176,16424,0,16424,1109863
2022,3,11380590,응암제2동,28765,20991,7774,5338,2566,4455,5681,3973,6752,4259,1788,3270,4253,2895,4526,1079,778,1185,1428,1078,2226,12125,0,12125,755247
2022,3,11380600,응암제3동,26245,16995,9250,2220,3292,3452,3331,4246,9704,1611,1926,2131,2207,2890,6230,609,1366,1321,1124,1356,3474,14364,0,14364,752773
2022,3,11380625,역촌동,48115,31946,16169,5310,6151,6346,7354,7887,15067,3967,3703,3950,5021,5436,9869,1343,2448,2396,2333,2451,5198,23490,0,23490,1157542
2022,3,11380631,신사제1동,28542,19822,8720,3186,3640,4021,4133,4552,9010,2491,2295,2691,2906,3234,6205,695,1345,1330,1227,1318,2805,13406,0,13406,808314
2022,3,11380632,신사제2동,21340,14937,6403,2375,2741,2698,3047,3500,6979,1808,1792,1758,2204,2590,4785,567,949,940,843,910,2194,10153,0,10153,1046222
2022,3,11380640,증산동,15907,11034,4873,1677,1886,2004,2157,2550,5633,1292,1200,1272,1531,1848,3891,385,686,732,626,702,1742,7741,0,7741,807409
2022,3,11380650,수색동,13268,9641,3627,1681,1575,1933,1821,2258,4000,1338,1139,1400,1318,1729,2717,343,436,533,503,529,1283,5937,0,5937,1290258
2022,3,11380690,진관동,58414,42425,15989,10944,6816,6483,10087,9200,14884,8726,4524,4250,7582,7104,10239,2218,2292,2233,2505,2096,4645,24009,0,24009,11565110
2022,3,11410520,천연동,18437,12789,5648,2416,2027,2303,2617,3161,5913,1886,1382,1614,1859,2330,3718,530,645,689,758,831,2195,9044,0,9044,982817
2022,3,11410555,북아현동,16457,11265,5192,2284,1997,2733,2633,2723,4087,1779,1224,1875,1874,1922,2591,505,773,858,759,801,1496,7822,0,7822,458945
2022,3,11410565,충현동,22179,14601,7578,2301,3230,3528,3050,3504,6566,1749,1849,2193,2084,2496,4230,552,1381,1335,966,1008,2336,11957,0,11957,1116001
2022,3,11410585,신촌동,21830,12063,9767,2535,7262,4092,2034,2070,3837,1786,2968,2224,1277,1342,2466,749,4294,1868,757,728,1371,16037,0,16037,2720364
2022,3,11410615,연희동,37271,24337,12934,3556,7004,5844,4815,5393,10659,2618,4068,3570,3152,3814,7115,938,2936,2274,1663,1579,3544,20884,0,20884,2929172
2022,3,11410620,홍제제1동,25139,17290,7849,3052,2947,3298,3573,4171,8098,2286,1955,2254,2464,2988,5343,766,992,1044,1109,1183,2755,11864,0,11864,1235632
2022,3,11410640,홍제제3동,16565,11395,5170,1611,1970,1979,1998,2798,6209,1210,1334,1379,1375,2057,4040,401,636,600,623,741,2169,8263,0,8263,1192508
2022,3,11410655,홍제제2동,14663,10302,4361,1630,1683,1870,1898,2516,5066,1284,1199,1330,1320,1873,3296,346,484,540,578,643,1770,6727,0,6727,699978
2022,3,11410660,홍은제1동,24194,17248,6946,2906,2747,2986,3274,4128,8153,2272,1930,2115,2336,3076,5519,634,817,871,938,1052,2634,11241,0,11241,1615140
2022,3,11410685,홍은제2동,28162,19051,9111,2988,3983,3625,3700,4724,9142,2207,2440,2354,2556,3386,6108,781,1543,1271,1144,1338,3034,13978,0,13978,2075085
2022,3,11410690,남가좌제1동,16024,12020,4004,3421,1389,2029,3179,2287,3719,2773,986,1530,2480,1731,2520,648,403,499,699,556,1199,6289,0,6289,475536
2022,3,11410700,남가좌제2동,31342,22285,9057,4734,4120,4325,5012,4683,8468,3779,2628,3084,3730,3388,5676,955,1492,1241,1282,1295,2792,14853,0,14853,783775
2022,3,11410710,북가좌제1동,18966,13874,5092,3096,2021,2232,3140,3115,5362,2458,1455,1591,2325,2352,3693,638,566,641,815,763,1669,7860,0,7860,577979
2022,3,11410720,북가좌제2동,33626,23085,10541,3473,4348,4271,4835,5483,11216,2606,2795,2814,3290,3977,7603,867,1553,1457,1545,1506,3613,16608,0,16608,824866
2022,3,11440555,아현동,26258,19010,7248,4257,2824,4665,4534,3945,6033,3423,1939,3287,3362,2996,4003,834,885,1378,1172,949,2030,11439,0,11439,744328
2022,3,11440565,공덕동,39375,26252,13123,4105,5617,6798,5324,6474,11057,3169,3161,4264,3676,4703,7279,936,2456,2534,1648,1771,3778,20725,0,20725,1019197
2022,3,11440585,도화동,22860,16118,6742,2848,2740,3649,3160,3555,6908,2214,1873,2515,2263,2612,4641,634,867,1134,897,943,2267,10835,0,10835,625018
2022,3,11440590,용강동,22656,16153,6503,4055,2051,3518,4457,3321,5254,3203,1407,2378,3169,2478,3518,852,644,1140,1288,843,1736,10410,0,10410,790602
2022,3,11440600,대흥동,15550,9881,5669,1404,3345,2719,2103,2237,3742,1100,1716,1667,1438,1577,2383,304,1629,1052,665,660,1359,9535,0,9535,858570
2022,3,11440610,염리동,17107,11932,5175,2845,2336,2590,3096,2576,3664,2217,1359,1800,2272,1866,2418,628,977,790,824,710,1246,8206,0,8206,491468
2022,3,11440630,신수동,23026,16629,6397,3206,3167,3456,3626,3741,5830,2551,2181,2437,2620,2862,3978,655,986,1019,1006,879,1852,10860,0,10860,797880
2022,3,11440655,서강동,26139,18094,8045,3221,4731,4280,4033,3874,6000,2524,2787,2838,2912,2910,4123,697,1944,1442,1121,964,1877,13335,0,13335,1478577
2022,3,11440660,서교동,26172,15597,10575,1741,5623,5811,3795,3300,5902,1316,2734,3123,2305,2215,3904,425,2889,2688,1490,1085,1998,16713,0,16713,1678981
2022,3,11440680,합정동,19887,12308,7579,3085,3043,3866,2695,2416,4782,2123,1637,2173,1677,1607,3091,962,1406,1693,1018,809,1691,11935,0,11935,1712389
2022,3,11440690,망원제1동,21248,13538,7710,2045,3010,3923,3210,3076,5984,1530,1689,2272,2017,2155,3875,515,1321,1651,1193,921,2109,11523,0,11523,1101005
2022,3,11440700,망원제2동,19597,13321,6276,2431,2614,2949,3175,2980,5448,1861,1592,1813,2199,2153,3703,570,1022,1136,976,827,1745,9470,0,9470,676410
2022,3,11440710,연남동,15902,9864,6038,1189,2862,3203,2279,2116,4253,868,1510,1850,1416,1450,2770,321,1352,1353,863,666,1483,9599,0,9599,647438
2022,3,11440720,성산제1동,19960,12799,7161,2097,2893,3361,3231,3032,5346,1548,1612,1982,2098,2031,3528,549,1281,1379,1133,1001,1818,10438,0,10438,859254
2022,3,11440730,성산제2동,41179,26824,14355,5121,6192,6750,6135,6130,10851,3952,3262,4008,4171,4507,6924,1169,2930,2742,1964,1623,3927,21163,0,21163,1978724
2022,3,11440740,상암동,32241,22592,9649,6037,4255,3681,5763,5101,7404,4645,2607,2325,4266,3873,4876,1392,1648,1356,1497,1228,2528,14180,0,14180,8402415
2022,3,11470510,목1동,31662,24938,6724,7424,3385,2853,6426,5462,6112,5980,2662,2204,5102,4447,4543,1444,723,649,1324,1015,1569,11319,0,11319,1433111
2022,3,11470520,목2동,31226,21433,9793,3728,4446,5471,4600,4905,8076,2909,2790,3451,3242,3581,5460,819,1656,2020,1358,1324,2616,14707,0,14707,1021355
2022,3,11470530,목3동,22873,15245,7628,2511,3085,4048,3189,3580,6460,1897,1823,2559,2184,2525,4257,614,1262,1489,1005,1055,2203,11071,0,11071,531850
2022,3,11470540,목4동,26486,19125,7361,4150,4028,2828,4112,5149,6219,3242,2811,1859,3056,3950,4207,908,1217,969,1056,1199,2012,11253,0,11253,577493
2022,3,11470550,목5동,42671,34675,7996,9993,4538,3525,8388,7411,8816,8203,3717,2762,6846,6228,6919,1790,821,763,1542,1183,1897,14896,0,14896,1766361
2022,3,11470560,신월1동,21811,14961,6850,1994,2431,2731,2979,3718,7958,1414,1510,1842,2080,2643,5472,580,921,889,899,1075,2486,11621,0,11621,622400
2022,3,11470570,신월2동,21844,15743,6101,2885,2467,2737,3355,3358,7042,2257,1714,1928,2448,2521,4875,628,753,809,907,837,2167,9633,0,9633,606811
2022,3,11470580,신월3동,15294,10208,5086,1371,1674,1714,1943,2818,5774,899,1042,1100,1300,2015,3852,472,632,614,643,803,1922,8688,0,8688,918040
2022,3,11470590,신월4동,18877,13922,4955,2763,2043,2245,2996,2902,5928,2166,1530,1620,2219,2228,4159,597,513,625,777,674,1769,7840,0,7840,469873
2022,3,11470600,신월5동,15040,10361,4679,1829,1935,2003,2164,2477,4632,1347,1239,1410,1500,1734,3131,482,696,593,664,743,1501,7102,0,7102,638302
2022,3,11470610,신월6동,14269,10686,3583,2581,1520,2384,2354,2064,3366,2073,1098,1785,1800,1565,2365,508,422,599,554,499,1001,5733,0,5733,444286
2022,3,11470611,신월7동,21190,14108,7082,2020,2356,2648,2757,3507,7902,1493,1478,1786,1884,2427,5040,527,878,862,873,1080,2862,10621,0,10621,1230628
2022,3,11470620,신정1동,21209,16749,4460,4460,2379,1834,3900,3677,4959,3628,1912,1423,3080,3028,3678,832,467,411,820,649,1281,7930,0,7930,747568
2022,3,11470630,신정2동,19928,15582,4346,3961,2381,1621,3526,3646,4793,3241,1916,1243,2773,3005,3404,720,465,378,753,641,1389,7628,0,7628,525899
2022,3,11470640,신정3동,51216,37158,14058,8525,6192,5914,8107,8851,13627,6668,4444,4243,6037,6681,9085,1857,1748,1671,2070,2170,4542,21236,0,21236,2756536
2022,3,11470650,신정4동,34514,22757,11757,3437,4920,5045,5024,5527,10561,2472,2801,3098,3373,3875,7138,965,2119,1947,1651,1652,3423,17975,0,17975,997144
2022,3,11470670,신정6동,25304,20362,4942,5253,3067,2578,4468,4577,5361,4265,2538,2048,3528,3862,4121,988,529,530,940,715,1240,9039,0,9039,940885
2022,3,11470680,신정7동,30759,22288,8471,4844,3475,2949,4840,5373,9278,3800,2632,2140,3611,4134,5971,1044,843,809,1229,1239,3307,13228,0,13228,1234130
2022,3,11500510,염창동,41635,31720,9915,7631,5174,7067,7348,6020,8395,6349,3561,4906,5836,4877,6191,1282,1613,2161,1512,1143,2204,17143,0,17143,1732856
2022,3,11500520,등촌제1동,25296,16136,9160,2295,4412,6506,3427,3177,5479,1849,2170,3763,2335,2324,3695,446,2242,2743,1092,853,1784,14644,0,14644,650741
2022,3,11500530,등촌제2동,21238,15001,6237,2533,2859,3548,3047,3312,5939,1948,1863,2367,2196,2418,4209,585,996,1181,851,894,1730,9602,0,9602,910666
2022,3,11500535,등촌제3동,32955,21418,11537,3252,3520,4540,3841,5001,12801,2455,2252,3002,2625,3391,7693,797,1268,1538,1216,1610,5108,17483,0,17483,1060363
2022,3,11500540,화곡제1동,54297,34677,19620,4472,8446,11101,7701,7427,15150,3304,4293,6875,5159,4955,10091,1168,4153,4226,2542,2472,5059,30181,0,30181,1197746
2022,3,11500550,화곡제2동,18788,12432,6356,2275,2413,2820,3055,2928,5297,1627,1446,1815,2072,2015,3457,648,967,1005,983,913,1840,9091,0,9091,454621
2022,3,11500560,화곡제3동,22828,16159,6669,2614,3068,3231,3192,3331,7392,2058,1884,2148,2306,2506,5257,556,1184,1083,886,825,2135,10958,0,10958,521858
2022,3,11500570,화곡제4동,22017,14516,7501,2212,2688,3279,3365,3418,7055,1596,1589,2099,2267,2269,4696,616,1099,1180,1098,1149,2359,11076,0,11076,852049
2022,3,11500590,화곡본동,35594,22677,12917,3947,5426,6483,5548,4984,9206,2892,2874,3949,3756,3351,5855,1055,2552,2534,1792,1633,3351,18797,0,18797,972735
2022,3,11500591,화곡제6동,26026,17456,8570,2537,4044,4478,3638,3941,7388,1951,2243,2784,2509,2911,5058,586,1801,1694,1129,1030,2330,13708,0,13708,1037911
2022,3,11500593,화곡제8동,25766,16628,9138,2531,3566,4094,3917,3814,7844,1895,1987,2493,2630,2531,5092,636,1579,1601,1287,1283,2752,13167,0,13167,593322
2022,3,11500603,가양제1동,35524,22164,13360,3112,7246,9609,4864,4240,6453,2430,3010,5496,3359,3203,4666,682,4236,4113,1505,1037,1787,21830,0,21830,4970691
2022,3,11500604,가양제2동,15680,9603,6077,821,1399,2425,1458,1938,7639,563,748,1436,909,1276,4671,258,651,989,549,662,2968,9708,0,9708,823874
2022,3,11500605,가양제3동,16414,9910,6504,1128,1443,3097,1957,2130,6659,773,825,1991,1127,1355,3839,355,618,1106,830,775,2820,9275,0,9275,474228
2022,3,11500611,발산제1동,37845,27193,10652,7445,4604,3915,6774,6158,8949,5827,3137,2729,5143,4563,5794,1618,1467,1186,1631,1595,3155,14820,0,14820,2887669
2022,3,11500615,우장산동,44339,33904,10435,8423,5117,4973,8258,7070,10498,6833,3739,3630,6393,5675,7634,1590,1378,1343,1865,1395,2864,17645,0,17645,1261588
2022,3,11500620,공항동,32174,22653,9521,5358,3716,5488,5414,4230,7968,4129,2290,3923,3966,2987,5358,1229,1426,1565,1448,1243,2610,15394,0,15394,10861768
2022,3,11500630,방화제1동,44532,32723,11809,7587,4798,5976,7569,6490,12112,6061,3262,4204,5754,4954,8488,1526,1536,1772,1815,1536,3624,19037,0,19037,1475606
2022,3,11500640,방화제2동,25197,16710,8487,2426,3066,3925,3327,3610,8843,1782,1764,2567,2279,2571,5747,644,1302,1358,1048,1039,3096,13763,0,13763,6157541
2022,3,11500641,방화제3동,24516,16628,7888,2512,2186,3563,3460,3500,9295,1958,1466,2411,2394,2498,5901,554,720,1152,1066,1002,3394,12989,0,12989,2558909
2022,3,11530510,신도림동,37257,28889,8368,6677,4147,5906,6710,5335,8482,5510,3081,4316,5250,4358,6374,1167,1066,1590,1460,977,2108,14933,0,14933,1392788
2022,3,11530520,구로제1동,21517,16263,5254,3508,2537,3649,3702,3062,5059,2848,1810,2609,2838,2409,3749,660,727,1040,864,653,1310,9027,0,9027,1008892
2022,3,11530530,구로제2동,25758,17270,8488,1984,2977,2918,3211,4671,9997,1383,1862,1883,2202,3277,6663,601,1115,1035,1009,1394,3334,14564,0,14564,1703350
2022,3,11530540,구로제3동,24342,16486,7856,2361,3780,4961,4044,3209,5987,1763,2179,3261,2807,2348,4128,598,1601,1700,1237,861,1859,14296,0,14296,1040120
2022,3,11530550,구로제4동,21461,13757,7704,1645,2623,2979,2809,3518,7887,1147,1449,1870,1806,2395,5090,498,1174,1109,1003,1123,2797,12237,0,12237,524507
2022,3,11530560,구로제5동,30628,21198,9430,3041,4530,5792,4249,4535,8481,2342,2575,3781,2966,3426,6108,699,1955,2011,1283,1109,2373,16472,0,16472,1012473
2022,3,11530595,가리봉동,10002,6454,3548,475,1444,1408,1044,1830,3801,313,840,926,687,1289,2399,162,604,482,357,541,1402,7021,0,7021,410996
2022,3,11530720,고척제1동,23130,17079,6051,2794,2902,2767,3202,3837,7628,2195,2039,1994,2442,2912,5497,599,863,773,760,925,2131,10530,0,10530,1151238
2022,3,11530730,고척제2동,28046,20547,7499,3514,3313,3150,4070,4845,9154,2753,2323,2296,3003,3655,6517,761,990,854,1067,1190,2637,12924,0,12924,1025572
2022,3,11530740,개봉제1동,35601,25814,9787,4144,4199,5137,4833,5769,11519,3191,2902,3669,3573,4316,8163,953,1297,1468,1260,1453,3356,16701,0,16701,1320319
2022,3,11530750,개봉제2동,32482,23903,8579,3944,3542,4213,4766,4868,11149,3108,2486,3064,3599,3626,8020,836,1056,1149,1167,1242,3129,14148,0,14148,782524
2022,3,11530760,개봉제3동,21394,15150,6244,2265,2396,2601,3060,3483,7589,1736,1631,1800,2176,2573,5234,529,765,801,884,910,2355,9987,0,9987,828418
2022,3,11530770,오류제1동,23436,15563,7873,2138,3562,4690,3143,3094,6809,1600,1860,2940,2191,2228,4744,538,1702,1750,952,866,2065,13027,0,13027,727414
2022,3,11530780,오류제2동,40363,28344,12019,6530,4310,4878,6466,6060,12119,4974,2813,3255,4803,4333,8166,1556,1497,1623,1663,1727,3953,17484,0,17484,3061018
2022,3,11530790,수궁동,24793,17489,7304,3098,2867,3214,3663,4015,7936,2326,1943,2173,2658,2931,5458,772,924,1041,1005,1084,2478,11295,0,11295,2661352
2022,3,11530800,항동,13872,10380,3492,3310,1202,2815,2708,1454,2383,2684,761,2116,2074,1058,1687,626,441,699,634,396,696,5305,0,5305,1446941
2022,3,11545510,가산동,24694,16169,8525,1207,5898,6490,2926,2962,5211,883,2899,4250,2098,2247,3792,324,2999,2240,828,715,1419,17841,0,17841,2512853
2022,3,11545610,독산제1동,46814,32907,13907,5305,7165,9792,6829,6585,11138,4216,4209,6717,5026,4945,7794,1089,2956,3075,1803,1640,3344,25191,0,25191,2061921
2022,3,11545620,독산제2동,19964,13475,6489,1819,2592,2660,2443,3764,6686,1286,1607,1733,1674,2616,4559,533,985,927,769,1148,2127,10767,0,10767,617174
2022,3,11545630,독산제3동,25685,17034,8651,2024,3567,3817,3045,4612,8620,1466,2096,2448,2040,3228,5756,558,1471,1369,1005,1384,2864,14231,0,14231,934985
2022,3,11545640,독산제4동,16102,10937,5165,1409,2044,2091,1924,3133,5501,976,1263,1377,1295,2190,3836,433,781,714,629,943,1665,8605,0,8605,591046
2022,3,11545670,시흥제1동,34947,24120,10827,3558,4396,4976,4740,5798,11479,2684,2738,3332,3366,4198,7802,874,1658,1644,1374,1600,3677,18211,0,18211,1524148
2022,3,11545680,시흥제2동,22733,16877,5856,3306,2332,2339,3304,3826,7626,2665,1691,1770,2556,2918,5277,641,641,569,748,908,2349,9719,0,9719,1308882
2022,3,11545690,시흥제3동,11575,8287,3288,1089,1304,1402,1416,1973,4391,838,896,987,1010,1473,3083,251,408,415,406,500,1308,5507,0,5507,1261391
2022,3,11545700,시흥제4동,21463,15228,6235,2234,2462,2610,2770,3807,7580,1649,1700,1827,1949,2794,5309,585,762,783,821,1013,2271,10347,0,10347,821709
2022,3,11545710,시흥제5동,20573,13965,6608,2063,2369,2251,2622,3618,7650,1486,1543,1521,1811,2580,5024,577,826,730,811,1038,2626,10718,0,10718,1386972
2022,3,11560515,영등포본동,22576,16174,6402,2386,2712,3249,3047,3720,7462,1849,1838,2268,2187,2809,5223,537,874,981,860,911,2239,11775,0,11775,846370
2022,3,11560535,영등포동,30956,19940,11016,1907,6454,8321,3769,3656,6849,1470,2918,5151,2627,2851,4923,437,3536,3170,1142,805,1926,22085,0,22085,1372094
2022,3,11560540,여의동,35167,25991,9176,5343,3568,4785,5501,5452,10518,4220,2568,3331,4031,4192,7649,1123,1000,1454,1470,1260,2869,15426,0,15426,8437543
2022,3,11560550,당산제1동,21463,14341,7122,1844,3086,4477,2863,3096,6097,1388,1857,2841,1916,2249,4090,456,1229,1636,947,847,2007,11936,0,11936,745305
2022,3,11560560,당산제2동,39041,26893,12148,4778,6424,8728,5548,4966,8597,3874,3498,5393,4057,3864,6207,904,2926,3335,1491,1102,2390,20378,0,20378,1581310
2022,3,11560585,도림동,19667,13410,6257,1752,2503,3364,2742,3211,6095,1308,1499,2198,1894,2337,4174,444,1004,1166,848,874,1921,10819,0,10819,585885
2022,3,11560605,문래동,33688,25248,8440,5882,3345,5671,6161,4487,8142,4732,2371,4021,4688,3561,5875,1150,974,1650,1473,926,2267,14465,0,14465,1786709
2022,3,11560610,양평제1동,19418,12983,6435,2247,2567,4770,3217,2283,4334,1761,1360,3084,2273,1635,2870,486,1207,1686,944,648,1464,10674,0,10674,974912
2022,3,11560620,양평제2동,22966,16241,6725,2801,3356,5460,3343,3123,4883,2264,1973,3677,2463,2408,3456,537,1383,1783,880,715,1427,11494,0,11494,2874597
2022,3,11560630,신길제1동,18542,11941,6601,1234,2997,3404,2375,2627,5905,882,1666,2139,1598,1856,3800,352,1331,1265,777,771,2105,11789,0,11789,722925
2022,3,11560650,신길제3동,17610,12357,5253,2074,1970,2576,2441,2888,5661,1592,1277,1821,1758,2106,3803,482,693,755,683,782,1858,8672,0,8672,520083
2022,3,11560660,신길제4동,11207,7714,3493,1113,1304,1514,1479,1867,3930,818,855,1065,1053,1314,2609,295,449,449,426,553,1321,5802,0,5802,292127
2022,3,11560670,신길제5동,11513,8032,3481,1449,1218,1472,1648,1885,3841,1112,823,1058,1168,1329,2542,337,395,414,480,556,1299,5643,0,5643,494653
2022,3,11560680,신길제6동,22063,15403,6660,2640,3051,3614,3159,3295,6304,2070,1859,2436,2294,2446,4298,570,1192,1178,865,849,2006,10880,0,10880,653511
2022,3,11560690,신길제7동,17674,13104,4570,2699,2197,2653,2771,2763,4591,2114,1543,1939,2058,2145,3305,585,654,714,713,618,1286,7588,0,7588,642488
2022,3,11560700,대림제1동,15463,10762,4701,1623,1913,1965,2039,2547,5376,1260,1234,1357,1471,1824,3616,363,679,608,568,723,1760,8059,0,8059,498978
2022,3,11560710,대림제2동,12822,8355,4467,879,1657,1791,1541,2128,4826,592,985,1144,1024,1433,3177,287,672,647,517,695,1649,7788,0,7788,572540
2022,3,11560720,대림제3동,22200,15848,6352,2153,2706,3073,2822,3855,7591,1581,1889,2197,1970,2859,5352,572,817,876,852,996,2239,11067,0,11067,921696
2022,3,11590510,노량진제1동,33068,23348,9720,3414,5007,5679,4206,4678,10084,2657,3241,4028,3063,3492,6867,757,1766,1651,1143,1186,3217,17644,0,17644,1613446
2022,3,11590520,노량진제2동,11985,7686,4299,656,1931,2132,1323,1730,4213,496,1031,1340,912,1190,2717,160,900,792,411,540,1496,7967,0,7967,600568
2022,3,11590530,상도제1동,45715,31735,13980,5217,9267,6146,6324,6505,12256,4160,5651,4099,4661,4821,8343,1057,3616,2047,1663,1684,3913,23263,0,23263,1488648
2022,3,11590540,상도제2동,28915,20420,8495,4084,3875,4658,4588,4201,7509,3202,2401,3169,3326,3105,5217,882,1474,1489,1262,1096,2292,13646,0,13646,772865
2022,3,11590550,상도제3동,25901,17095,8806,2450,3838,4175,3509,3974,7955,1841,2225,2546,2391,2780,5312,609,1613,1629,1118,1194,2643,13432,0,13432,637199
2022,3,11590560,상도제4동,30123,20225,9898,3128,4234,4826,4270,4571,9094,2368,2494,3052,2977,3241,6093,760,1740,1774,1293,1330,3001,15625,0,15625,939562
2022,3,11590605,흑석동,33478,24003,9475,4136,4726,4301,4778,5368,10169,3234,3274,3045,3500,4094,6856,902,1452,1256,1278,1274,3313,15929,0,15929,1708306
2022,3,11590620,사당제1동,23796,14678,9118,1489,4616,5087,3041,2998,6565,1085,2224,3019,1978,1997,4375,404,2392,2068,1063,1001,2190,14422,0,14422,635172
2022,3,11590630,사당제2동,29734,21139,8595,3426,3383,4578,4240,4584,9523,2705,2264,3143,3024,3407,6596,721,1119,1435,1216,1177,2927,13941,0,13941,2763201
2022,3,11590640,사당제3동,25642,18659,6983,3418,2994,3904,3934,3632,7760,2686,1986,2700,2895,2758,5634,732,1008,1204,1039,874,2126,11750,0,11750,907684
2022,3,11590650,사당제4동,14876,9804,5072,1295,2246,2521,2060,2092,4662,992,1251,1547,1406,1472,3136,303,995,974,654,620,1526,7882,0,7882,436148
2022,3,11590651,사당제5동,15126,10404,4722,1854,1987,2593,2346,2241,4105,1442,1215,1733,1612,1621,2781,412,772,860,734,620,1324,7269,0,7269,682198
2022,3,11590660,대방동,39930,27898,12032,5588,6111,5520,6167,6333,10211,4373,3820,3524,4530,4840,6811,1215,2291,1996,1637,1493,3400,19136,0,19136,1544903
2022,3,11590670,신대방제1동,24196,17697,6499,3517,3273,3102,3737,3861,6706,2803,2264,2127,2787,3019,4697,714,1009,975,950,842,2009,11282,0,11282,675281
2022,3,11590680,신대방제2동,23009,15794,7215,3191,3422,3772,3578,3184,5862,2475,1915,2386,2616,2340,4062,716,1507,1386,962,844,1800,11416,0,11416,977033
2022,3,11620525,보라매동,25076,16547,8529,2234,4302,4242,3254,3412,7632,1652,2369,2732,2233,2406,5155,582,1933,1510,1021,1006,2477,14052,0,14052,750225
2022,3,11620545,청림동,15994,11381,4613,2188,1690,2449,2492,2403,4772,1709,1156,1741,1797,1777,3201,479,534,708,695,626,1571,7320,0,7320,297155
2022,3,11620565,성현동,30873,22210,8663,4338,3702,3584,4846,4966,9437,3491,2553,2517,3650,3713,6286,847,1149,1067,1196,1253,3151,13996,0,13996,678223
2022,3,11620575,행운동,30315,19155,11160,2150,6691,6650,3685,3565,7574,1637,3337,3978,2470,2563,5170,513,3354,2672,1215,1002,2404,19024,0,19024,718235
2022,3,11620585,낙성대동,17532,10964,6568,1254,4977,4036,2062,1726,3477,969,2521,2421,1431,1255,2367,285,2456,1615,631,471,1110,11913,0,11913,2262818
2022,3,11620595,청룡동,36813,22460,14353,2474,10429,7979,4124,4005,7802,1886,4938,4731,2802,2802,5301,588,5491,3248,1322,1203,2501,24741,0,24741,1195604
2022,3,11620605,은천동,34818,24283,10535,4281,4949,5329,5137,4975,10147,3413,2907,3469,3848,3643,7003,868,2042,1860,1289,1332,3144,17744,0,17744,776212
2022,3,11620615,중앙동,15880,9588,6292,844,3940,3420,1757,1818,4101,637,1815,1958,1165,1270,2743,207,2125,1462,592,548,1358,10532,0,10532,384728
2022,3,11620625,인헌동,26973,17500,9473,2302,5250,5346,3502,3657,6916,1776,2837,3203,2432,2593,4659,526,2413,2143,1070,1064,2257,15581,0,15581,1089078
2022,3,11620630,남현동,18915,12333,6582,1551,3485,3963,2367,2567,4982,1209,1881,2482,1584,1820,3357,342,1604,1481,783,747,1625,10504,0,10504,3281024
2022,3,11620645,서원동,23547,15078,8469,1287,5651,5214,2818,2823,5754,941,3046,3290,1907,1921,3973,346,2605,1924,911,902,1781,15304,0,15304,647532
2022,3,11620655,신원동,18958,12099,6859,1174,3933,3482,2290,2464,5615,871,2160,2202,1530,1638,3698,303,1773,1280,760,826,1917,12037,0,12037,544977
2022,3,11620665,서림동,24372,16947,7425,1621,4922,4999,3275,3221,6334,1212,2945,3484,2394,2396,4516,409,1977,1515,881,825,1818,15630,0,15630,941252
2022,3,11620685,신사동,23670,15173,8497,1640,5215,4500,2864,3271,6180,1205,2678,2854,1899,2314,4223,435,2537,1646,965,957,1957,15041,0,15041,641031
2022,3,11620695,신림동,23089,13569,9520,675,7684,6582,2685,1978,3485,496,3683,3969,1730,1363,2328,179,4001,2613,955,615,1157,18692,0,18692,541240
2022,3,11620715,난향동,16303,11891,4412,2334,1726,1711,2816,2777,4939,1829,1255,1263,2069,2087,3388,505,471,448,747,690,1551,7290,0,7290,821397
2022,3,11620725,조원동,18244,11673,6571,1296,3598,3581,2351,2382,5036,955,1796,2173,1583,1688,3478,341,1802,1408,768,694,1558,11681,0,11681,666607
2022,3,11620735,대학동,24358,17594,6764,1445,5304,5219,3563,3426,5401,1113,3288,3817,2778,2736,3862,332,2016,1402,785,690,1539,17123,0,17123,8405183
2022,3,11620745,삼성동,23842,16745,7097,1965,2480,2489,2947,4097,9864,1553,1735,1748,2119,3016,6574,412,745,741,828,1081,3290,12387,0,12387,2604386
2022,3,11620765,미성동,32205,22590,9615,3521,4447,4362,4461,5064,10350,2675,2738,2925,3220,3676,7356,846,1709,1437,1241,1388,2994,15971,0,15971,1359430
2022,3,11620775,난곡동,28500,19510,8990,2676,3827,3695,3774,4743,9785,2026,2309,2479,2664,3352,6680,650,1518,1216,1110,1391,3105,14841,0,14841,972373
2022,3,11650510,서초1동,21429,15160,6269,3052,2703,3481,3725,3237,5231,2468,1715,2214,2652,2420,3691,584,988,1267,1073,817,1540,10279,0,10279,1382685
2022,3,11650520,서초2동,27070,19536,7534,4563,3236,4936,4956,3802,5577,3572,2126,3084,3682,2956,4116,991,1110,1852,1274,846,1461,12204,0,12204,1230924
2022,3,11650530,서초3동,33882,23549,10333,4224,5191,5764,5078,5262,8363,3285,3049,3560,3577,3973,6105,939,2142,2204,1501,1289,2258,16670,0,16670,2998572
2022,3,11650531,서초4동,31960,25282,6678,6619,3620,3219,6089,5331,7082,5418,2833,2306,4869,4430,5426,1201,787,913,1220,901,1656,12008,0,12008,879773
2022,3,11650540,잠원동,27909,20833,7076,5051,3373,3396,5025,4908,6156,4073,2435,2311,3848,3922,4244,978,938,1085,1177,986,1912,11862,0,11862,1756867
2022,3,11650550,반포본동,2680,1770,910,394,275,191,419,493,908,285,187,140,289,345,524,109,88,51,130,148,384,1433,0,1433,972536
2022,3,11650560,반포1동,35509,25857,9652,6831,4055,5457,7203,5016,6947,5422,2661,3523,5361,3968,4922,1409,1394,1934,1842,1048,2025,16077,0,16077,992368
2022,3,11650570,반포2동,16289,12775,3514,4337,1459,1196,3475,2535,3287,3429,1180,880,2726,2105,2455,908,279,316,749,430,832,5527,0,5527,1396031
2022,3,11650580,반포3동,22936,17877,5059,4638,2521,2330,4300,3999,5148,3755,2028,1729,3361,3265,3739,883,493,601,939,734,1409,8447,0,8447,1251708
2022,3,11650581,반포4동,20016,14678,5338,3642,2247,2417,3525,3175,5010,2757,1643,1660,2565,2468,3585,885,604,757,960,707,1425,8089,0,8089,1427141
2022,3,11650590,방배본동,21959,16138,5821,3978,2665,2347,3785,3734,5450,3118,1910,1553,2822,2916,3819,860,755,794,963,818,1631,9039,0,9039,677510
2022,3,11650600,방배1동,17650,12087,5563,2225,2243,2818,2848,2596,4920,1728,1391,1714,1934,1861,3459,497,852,1104,914,735,1461,8327,0,8327,689245
2022,3,11650610,방배2동,20335,13992,6343,2548,2471,2991,3041,3054,6230,1921,1628,1895,2072,2200,4276,627,843,1096,969,854,1954,9334,0,9334,1904030
2022,3,11650620,방배3동,19949,15149,4800,2938,2289,2449,2963,3192,6118,2355,1685,1793,2263,2513,4540,583,604,656,700,679,1578,8285,0,8285,2375134
2022,3,11650621,방배4동,24533,17440,7093,4028,2982,3351,4267,3973,5932,3151,2009,2052,3044,2979,4205,877,973,1299,1223,994,1727,10749,0,10749,949527
2022,3,11650651,양재1동,44767,31130,13637,7363,4825,6233,7557,6493,12296,5682,3207,4146,5415,4678,8002,1681,1618,2087,2142,1815,4294,19780,0,19780,5765358
2022,3,11650652,양재2동,22897,15064,7833,2707,3040,4337,3785,3452,5576,2011,1815,2741,2556,2363,3578,696,1225,1596,1229,1089,1998,11862,0,11862,7562268
2022,3,11650660,내곡동,18100,12850,5250,3001,1713,2290,3123,2480,5493,2317,1113,1587,2276,1770,3787,684,600,703,847,710,1706,7902,0,7902,12708880
2022,3,11680510,신사동,16928,11991,4937,2316,2058,2254,2727,2731,4842,1830,1351,1355,1924,2090,3441,486,707,899,803,641,1401,7944,0,7944,2059234
2022,3,11680521,논현1동,23144,13446,9698,1378,3831,5713,4061,3010,5151,939,1868,3002,2254,2003,3380,439,1963,2711,1807,1007,1771,15110,0,15110,1258744
2022,3,11680531,논현2동,21995,13906,8089,2150,3138,4351,3876,3200,5280,1525,1722,2383,2395,2225,3656,625,1416,1968,1481,975,1624,12370,0,12370,1458524
2022,3,11680545,압구정동,27818,20671,7147,4550,3021,2971,4531,4545,8200,3574,2206,2050,3369,3577,5895,976,815,921,1162,968,2305,11734,0,11734,2345057
2022,3,11680565,청담동,27193,18576,8617,3948,3454,4007,4775,4230,6779,2980,2118,2414,3259,3045,4760,968,1336,1593,1516,1185,2019,12730,0,12730,2329217
2022,3,11680580,삼성1동,13534,9892,3642,1895,1702,1873,2106,2247,3711,1494,1190,1238,1501,1721,2748,401,512,635,605,526,963,6140,0,6140,1944629
2022,3,11680590,삼성2동,31680,21850,9830,5605,3771,4714,6330,5123,6137,4333,2382,2740,4363,3745,4287,1272,1389,1974,1967,1378,1850,14772,0,14772,1242271
2022,3,11680600,대치1동,24819,20255,4564,6744,2658,1326,5241,4517,4333,5451,2207,1101,4253,3816,3427,1293,451,225,988,701,906,7912,0,7912,809823
2022,3,11680610,대치2동,37803,29720,8083,7534,4717,3276,6421,6974,8881,6020,3607,2371,5073,5718,6931,1514,1110,905,1348,1256,1950,14148,0,14148,1837367
2022,3,11680630,대치4동,20619,12858,7761,2790,3297,3321,3852,3620,3739,1923,1865,1747,2355,2513,2455,867,1432,1574,1497,1107,1284,10937,0,10937,701081
2022,3,11680640,역삼1동,36987,21463,15524,2117,6501,10571,6567,4534,6697,1508,3028,5627,3813,3041,4446,609,3473,4944,2754,1493,2251,25631,0,25631,2362133
2022,3,11680650,역삼2동,38860,27760,11100,8979,4609,4744,8288,5973,6267,7145,2862,2732,6140,4566,4315,1834,1747,2012,2148,1407,1952,18030,0,18030,1135029
2022,3,11680655,도곡1동,22351,16973,5378,3851,2673,3014,3786,3604,5423,3085,1948,2083,2909,2887,4061,766,725,931,877,717,1362,9426,0,9426,1050609
2022,3,11680656,도곡2동,34424,27156,7268,7091,3988,3197,6175,5932,8041,5784,3083,2344,4929,4809,6207,1307,905,853,1246,1123,1834,12909,0,12909,990763
2022,3,11680660,개포1동,6651,5159,1492,888,693,622,866,1021,2561,707,581,467,669,849,1886,181,112,155,197,172,675,2801,0,2801,1449952
2022,3,11680670,개포2동,28637,22303,6334,5495,3643,3159,4753,5052,6535,4367,2859,2347,3701,4100,4929,1128,784,812,1052,952,1606,10424,0,10424,2243339
2022,3,11680690,개포4동,24500,17390,7110,3696,3093,3654,3950,4170,5937,2811,2087,2488,2827,3053,4124,885,1006,1166,1123,1117,1813,10810,0,10810,1665461
2022,3,11680700,세곡동,45055,30855,14200,8218,5002,6050,8004,6315,11466,6214,3137,3800,5693,4620,7391,2004,1865,2250,2311,1695,4075,19707,0,19707,6367772
2022,3,11680720,일원본동,23930,18179,5751,4995,2518,2602,4291,3949,5575,3953,1957,1926,3313,3065,3965,1042,561,676,978,884,1610,8837,0,8837,2354625
2022,3,11680730,일원1동,16161,10331,5830,1651,1973,2240,2118,2386,5793,1156,1163,1413,1374,1611,3614,495,810,827,744,775,2179,8477,0,8477,953471
2022,3,11680740,일원2동,18285,12608,5677,2741,1748,2367,3064,2698,5667,2056,1292,1649,2126,1988,3497,685,456,718,938,710,2170,8271,0,8271,1300290
2022,3,11680750,수서동,16389,9857,6532,1097,1317,2111,1808,2085,7971,823,779,1388,1076,1340,4451,274,538,723,732,745,3520,9371,0,9371,1629403
2022,3,11710510,풍납1동,13750,9476,4274,1339,1469,1798,1838,2250,5056,1013,1006,1206,1261,1609,3381,326,463,592,577,641,1675,6852,0,6852,1075294
2022,3,11710520,풍납2동,25870,18164,7706,3587,3509,4028,4093,3750,6903,2728,2118,2645,2908,2837,4928,859,1391,1383,1185,913,1975,12051,0,12051,2564554
2022,3,11710531,거여1동,13214,9411,3803,1409,1708,1733,1768,2294,4302,1047,1196,1195,1280,1702,2991,362,512,538,488,592,1311,6318,0,6318,522308
2022,3,11710532,거여2동,19679,13615,6064,2489,2160,2577,2887,3357,6209,1846,1494,1829,2019,2387,4040,643,666,748,868,970,2169,9113,0,9113,612901
2022,3,11710540,마천1동,20360,14096,6264,2169,2190,2115,2631,3622,7633,1606,1447,1431,1863,2660,5089,563,743,684,768,962,2544,10258,0,10258,575258
2022,3,11710550,마천2동,20121,13731,6390,1877,2215,2189,2608,3558,7674,1303,1510,1468,1783,2618,5049,574,705,721,825,940,2625,10121,0,10121,890688
2022,3,11710561,방이1동,16206,11758,4448,2404,2258,2171,2441,2784,4148,1852,1564,1505,1774,2056,3007,552,694,666,667,728,1141,6743,0,6743,609259
2022,3,11710562,방이2동,27114,16065,11049,2137,4667,6566,3828,3573,6343,1530,2112,3548,2356,2327,4192,607,2555,3018,1472,1246,2151,15945,0,15945,769841
2022,3,11710566,오륜동,18707,15291,3416,3589,2187,1622,3102,3230,4977,2900,1861,1285,2486,2769,3990,689,326,337,616,461,987,6559,0,6559,3085088
2022,3,11710570,오금동,40196,28517,11679,5340,5070,5492,5617,6845,11832,4050,3476,3879,4033,4928,8151,1290,1594,1613,1584,1917,3681,17383,0,17383,1648868
2022,3,11710580,송파1동,24897,15715,9182,2209,3876,5624,3515,3422,6251,1595,2066,3322,2171,2285,4276,614,1810,2302,1344,1137,1975,13297,0,13297,686925
2022,3,11710590,송파2동,20033,15127,4906,3084,2538,2737,3071,3179,5424,2459,1851,1961,2335,2518,4003,625,687,776,736,661,1421,8095,0,8095,631023
2022,3,11710600,석촌동,32938,20699,12239,3078,4779,7074,5020,4773,8214,2274,2544,3926,3272,3256,5427,804,2235,3148,1748,1517,2787,18258,0,18258,946914
2022,3,11710610,삼전동,31607,19380,12227,3140,4576,6631,5162,4547,7551,2263,2395,3709,3219,3013,4781,877,2181,2922,1943,1534,2770,17360,0,17360,953338
2022,3,11710620,가락본동,27397,19711,7686,3125,3689,4691,3825,4625,7442,2486,2514,3259,2735,3468,5249,639,1175,1432,1090,1157,2193,12965,0,12965,1014738
2022,3,11710631,가락1동,28365,21785,6580,5247,2930,4690,4835,4097,6566,4147,2284,3403,3685,3287,4979,1100,646,1287,1150,810,1587,10684,0,10684,1393228
2022,3,11710632,가락2동,33461,24900,8561,5501,4285,4652,5440,5386,8197,4391,2985,3248,4156,4218,5902,1110,1300,1404,1284,1168,2295,13645,0,13645,932311
2022,3,11710641,문정1동,20830,15161,5669,2538,2875,3500,2887,3288,5742,1955,1959,2441,2134,2469,4203,583,916,1059,753,819,1539,9307,0,9307,612546
2022,3,11710642,문정2동,29610,19530,10080,2769,4389,7419,4673,3567,6793,2192,2351,4085,2999,2733,5170,577,2038,3334,1674,834,1623,16528,0,16528,2242033
2022,3,11710646,장지동,31223,21420,9803,4663,3898,4605,4774,4926,8357,3514,2484,3218,3403,3441,5360,1149,1414,1387,1371,1485,2997,13573,0,13573,1278355
2022,3,11710647,위례동,39137,29583,9554,11018,3569,6189,8066,4890,5405,8752,2633,4750,6236,3675,3537,2266,936,1439,1830,1215,1868,12936,0,12936,2537373
2022,3,11710650,잠실본동,29174,18176,10998,2688,4461,6302,4484,4223,7016,2010,2302,3584,2842,2872,4566,678,2159,2718,1642,1351,2450,16651,0,16651,1028997
2022,3,11710670,잠실2동,36131,28317,7814,9095,3508,3171,8201,5762,6394,7299,2829,2336,6420,4782,4651,1796,679,835,1781,980,1743,12620,0,12620,2686850
2022,3,11710680,잠실3동,35706,28004,7702,6696,3782,3741,6170,5533,9784,5396,2988,2799,4854,4483,7484,1300,794,942,1316,1050,2300,13236,0,13236,1542643
2022,3,11710690,잠실4동,22508,17799,4709,4901,1972,2506,4570,3289,5270,3992,1627,1929,3647,2673,3931,909,345,577,923,616,1339,8306,0,8306,780204
2022,3,11710710,잠실6동,17542,13564,3978,2938,1941,2069,2829,2729,5036,2312,1518,1558,2166,2195,3815,626,423,511,663,534,1221,6640,0,6640,1508001
2022,3,11710720,잠실7동,10127,8125,2002,1400,1274,969,1294,1729,3461,1099,1073,769,975,1475,2734,301,201,200,319,254,727,3945,0,3945,723486
2022,3,11740515,강일동,44641,30393,14248,8349,5072,5837,7022,6407,11954,6292,3223,3974,4969,4494,7441,2057,1849,1863,2053,1913,4513,18477,0,18477,3647520
2022,3,11740520,상일동,39500,30979,8521,8773,3797,5458,7678,5551,8243,7118,2950,4195,6051,4434,6231,1655,847,1263,1627,1117,2012,14149,0,14149,1813623
2022,3,11740530,명일제1동,26907,19777,7130,4354,2985,3879,4239,4127,7323,3355,2164,2808,3167,3144,5139,999,821,1071,1072,983,2184,11155,0,11155,634942
2022,3,11740540,명일제2동,18309,13866,4443,3386,2248,1949,3032,2842,4852,2579,1611,1409,2297,2269,3701,807,637,540,735,573,1151,7290,0,7290,914329
2022,3,11740550,고덕제1동,25093,19542,5551,5986,2192,2612,5305,3579,5419,4776,1705,2017,4213,2884,3947,1210,487,595,1092,695,1472,9110,0,9110,1518495
2022,3,11740560,고덕제2동,22775,16978,5797,4319,2181,3474,4100,3289,5412,3402,1549,2552,3116,2475,3884,917,632,922,984,814,1528,9387,0,9387,2206786
2022,3,11740570,암사제1동,36437,24727,11710,4212,4481,4995,5485,6114,11150,3084,2808,3269,3763,4289,7514,1128,1673,1726,1722,1825,3636,17889,0,17889,735480
2022,3,11740580,암사제2동,16042,11726,4316,2305,1791,2774,2533,2325,4314,1801,1239,2022,1856,1750,3058,504,552,752,677,575,1256,7087,0,7087,2174330
2022,3,11740590,암사제3동,18641,14337,4304,3614,1929,2211,3329,2764,4794,2823,1454,1689,2568,2167,3636,791,475,522,761,597,1158,7008,0,7008,1799368
2022,3,11740600,천호제1동,28449,18871,9578,2769,3426,4066,3915,4614,9659,2012,2053,2618,2600,3187,6401,757,1373,1448,1315,1427,3258,14606,0,14606,668998
2022,3,11740610,천호제2동,34981,22692,12289,3099,4366,6281,4931,5397,10907,2233,2360,3910,3232,3727,7230,866,2006,2371,1699,1670,3677,19397,0,19397,1850853
2022,3,11740620,천호제3동,27992,18041,9951,2271,4036,5151,3824,4200,8510,1681,2118,3086,2505,2978,5673,590,1918,2065,1319,1222,2837,15780,0,15780,561872
2022,3,11740640,성내제1동,20705,14593,6112,2996,2580,3167,3356,3074,5532,2287,1685,2108,2386,2277,3850,709,895,1059,970,797,1682,9130,0,9130,663675
2022,3,11740650,성내제2동,24864,15954,8910,1949,3377,4382,3428,3734,7994,1385,1809,2701,2232,2497,5330,564,1568,1681,1196,1237,2664,14128,0,14128,625147
2022,3,11740660,성내제3동,24188,15827,8361,2673,3314,3540,3546,4067,7048,1937,1962,2138,2366,2800,4624,736,1352,1402,1180,1267,2424,11771,0,11771,647356
2022,3,11740685,길동,47950,32426,15524,4842,6363,7639,6898,7343,14865,3660,3788,4847,4789,5254,10088,1182,2575,2792,2109,2089,4777,24105,0,24105,1631616
2022,3,11740690,둔촌제1동,24,19,5,4,1,3,3,4,9,4,1,2,2,4,6,0,0,1,1,0,3,14,0,14,912178
2022,3,11740700,둔촌제2동,26007,18391,7616,3428,3248,3649,3723,4124,7835,2573,2152,2501,2659,3101,5405,855,1096,1148,1064,1023,2430,11807,0,11807,1550455
